[39616 45197  8751 40178 45312 38326 54994 38601 65085 64217]
[62373 42541 10446 54181 19800 56105 18087 22151 59452 63288]
[ 8271 10318  8816 10442  8239  8719 10863 10314  8720 10317]
[ 8942  8752  8748  8944 11470 25200  9008  8814 10462 10478]
[ 8747  8812 41580 12908 41515  8804   555   620 12843  8811]
[ 8815 41516 41583 41584   623 12911 45679 33391 45612  8831]
[41579 41595 43627 41835 41519  4655 42603 41571 43643 41535]
[43628 43631 43884 43623 44652 43887 44655 43620  2667 42860]
[43883 41836 11115 43875 41852 41828 43819 11883 44643 41596]
[11120 41839 11052 11116 11055 41855 14955  9083 15216 11108]
[10859 42604 13100 43820 43555 43812 43563   812 42623 14542]
[13163 10091 15211 15148  9067 14187  9004 12076 44908  3947]
[12844 12912 48747 13871 15215 44649 12863 61035 12860 48745]
[47980 13116 16235 47723 15203  8764  7019 47715 11020  2254]
[44651 15979 10438 48235 16363 48715 10540 15723 48875 15339]
[46635 65131 46891 43617 60003 60009 46699 63083 32619 63275]
[58991 45867 42599 48751 15147 26822 42607 11050  1635 46883]
[41591 41575 42597 42793 11879 46892 43206 10374 27436  3693]
[42593 46907 42565 42851 42085   559 41060 10694 41540  9849]
[44645 35427 44613 42693 38699 42567   635 34373  4731 10437]
[44621 43619 41581 43593 43587 44869 11853 44614 10440 60997]
[48739 43876 11845 41597 48740  8749 44549 43589 46661 35433]
[41572  9797 11861 11841 61028 41763 13092 45668 41700 16251]
[44629 41068 41548  3669 11349 41708 41036 41955 41196 41315]
[45644 57932 41546 46859 10950 11989 11113 15209 11863  8390]
[41578 33354 28245 13228 47019 11797  8716 11180 45284 43852]
[48939 32341 28501 28229 15957 28246 41549 27221 14123 12117]
