[39616 45197  8751 40178 45312 38326 54994 38601 65085 64217 37825 28649
 65144 14858 28182 36486 35315 43076 61225  5071]
[21122 39190 18540 58969  3409 22595 12278 33433 38714 65111 12463 52063
  8534 45053 64247 12660  9845 33560 23976 20498]
[61219 59815 60708 60193 27944 60164 60195 61217 28071 20264 60707 32167
 61218 59688 60196 53032 60706 61228 59812 60715]
[60332 61226 59620 60202 55716 43172 60132 22948 61354 43236 43748 59556
 63972 43428 58284 60330 60266 60218 63908 59572]
[57764 58172 61241 57762 60281 58164 59810 58236 59196 59244 58169 61860
 59180 61244 60274 60284 61308 61289 58234 58228]
[58298 58362 62394 41850 33368 58238 50042 62458 62330 25466 58366 41978
 43602 35416 25530 50046 62378 23720 33658 33622]

