0 0 0 0 0 0 0 0 0 0 2.6108639745207975
0 0 0 0 0 0 0 0 0 1 2.1595658821587116
0 0 0 0 0 0 0 0 1 0 2.159566707415381
0 0 0 0 0 0 0 0 1 1 1.897640457434757
0 0 0 0 0 0 0 1 0 0 2.1595670077129703
0 0 0 0 0 0 0 1 0 1 1.8989522157589085
0 0 0 0 0 0 0 1 1 0 1.8979390165571965
0 0 0 0 0 0 0 1 1 1 1.7027657587256047
0 0 0 0 0 0 1 0 0 0 2.1595655904255255
0 0 0 0 0 0 1 0 0 1 1.904404180056535
0 0 0 0 0 0 1 0 1 0 1.8989524462140992
0 0 0 0 0 0 1 0 1 1 1.7161390142104906
0 0 0 0 0 0 1 1 0 0 1.897639971157829
0 0 0 0 0 0 1 1 0 1 1.7165923103128133
0 0 0 0 0 0 1 1 1 0 1.7047075824492077
0 0 0 0 0 0 1 1 1 1 1.593679116210643
0 0 0 0 0 1 0 0 0 0 2.1595656757802266
0 0 0 0 0 1 0 0 0 1 1.906090064451198
0 0 0 0 0 1 0 0 1 0 1.904405051667444
0 0 0 0 0 1 0 0 1 1 1.709655133180056
0 0 0 0 0 1 0 1 0 0 1.9140945810624383
0 0 0 0 0 1 0 1 0 1 1.7243433803202335
0 0 0 0 0 1 0 1 1 0 1.722252521140814
0 0 0 0 0 1 0 1 1 1 1.5632533284337693
0 0 0 0 0 1 1 0 0 0 1.897639223738633
0 0 0 0 0 1 1 0 0 1 1.712203859007125
0 0 0 0 0 1 1 0 1 0 1.7165925701218732
0 0 0 0 0 1 1 0 1 1 1.5970621395512028
0 0 0 0 0 1 1 1 0 0 1.7192374952232679
0 0 0 0 0 1 1 1 0 1 1.5719824678957135
0 0 0 0 0 1 1 1 1 0 1.5733777894057108
0 0 0 0 0 1 1 1 1 1 1.4830938712091577
0 0 0 0 1 0 0 0 0 0 2.159565641311495
0 0 0 0 1 0 0 0 0 1 1.7968262054693063
0 0 0 0 1 0 0 0 1 0 1.9060907731383587
0 0 0 0 1 0 0 0 1 1 1.6251410221595262
0 0 0 0 1 0 0 1 0 0 1.9081713566680671
0 0 0 0 1 0 0 1 0 1 1.637738615067515
0 0 0 0 1 0 0 1 1 0 1.7161128174792015
0 0 0 0 1 0 0 1 1 1 1.4991716834547248
0 0 0 0 1 0 1 0 0 0 1.9140935734312063
0 0 0 0 1 0 1 0 0 1 1.6384307633485757
0 0 0 0 1 0 1 0 1 0 1.7243433924782023
0 0 0 0 1 0 1 0 1 1 1.5072755728236185
0 0 0 0 1 0 1 1 0 0 1.7193024520882254
0 0 0 0 1 0 1 1 0 1 1.5087008485726767
0 0 0 0 1 0 1 1 1 0 1.5652160908433617
0 0 0 0 1 0 1 1 1 1 1.4052741388644032
0 0 0 0 1 1 0 0 0 0 1.897639408169875
0 0 0 0 1 1 0 0 0 1 1.6251278344479327
0 0 0 0 1 1 0 0 1 0 1.712204771374727
0 0 0 0 1 1 0 0 1 1 1.5119284369372155
0 0 0 0 1 1 0 1 0 0 1.7174232003627812
0 0 0 0 1 1 0 1 0 1 1.5002502665423534
0 0 0 0 1 1 0 1 1 0 1.5719280842171983
0 0 0 0 1 1 0 1 1 1 1.401880336396223
0 0 0 0 1 1 1 0 0 0 1.7192370398573897
0 0 0 0 1 1 1 0 0 1 1.4946084503543586
0 0 0 0 1 1 1 0 1 0 1.5719827742867225
0 0 0 0 1 1 1 0 1 1 1.4160638479128993
0 0 0 0 1 1 1 1 0 0 1.607878374852548
0 0 0 0 1 1 1 1 0 1 1.4093998732116937
0 0 0 0 1 1 1 1 1 0 1.4724581775392647
0 0 0 0 1 1 1 1 1 1 1.3418435406979266
0 0 0 1 0 0 0 0 0 0 2.159566467800416
0 0 0 1 0 0 0 0 0 1 1.9060907758366326
0 0 0 1 0 0 0 0 1 0 1.796826627683278
0 0 0 1 0 0 0 0 1 1 1.6251289657248968
0 0 0 1 0 0 0 1 0 0 1.9117817403685475
0 0 0 1 0 0 0 1 0 1 1.7203763739225109
0 0 0 1 0 0 0 1 1 0 1.6351331030009366
0 0 0 1 0 0 0 1 1 1 1.5001909607620252
0 0 0 1 0 0 1 0 0 0 1.9081709334507935
0 0 0 1 0 0 1 0 0 1 1.7243870338931382
0 0 0 1 0 0 1 0 1 0 1.6377385519336742
0 0 0 1 0 0 1 0 1 1 1.503176735139073
0 0 0 1 0 0 1 1 0 0 1.7228668909639442
0 0 0 1 0 0 1 1 0 1 1.581683011372007
0 0 0 1 0 0 1 1 1 0 1.5138142417881189
0 0 0 1 0 0 1 1 1 1 1.4099027901473258
0 0 0 1 0 1 0 0 0 0 1.9140942544635775
0 0 0 1 0 1 0 0 0 1 1.739190893026002
0 0 0 1 0 1 0 0 1 0 1.6384312473633682
0 0 0 1 0 1 0 0 1 1 1.5074763819422587
0 0 0 1 0 1 0 1 0 0 1.7664196915796282
0 0 0 1 0 1 0 1 0 1 1.5973166821035736
0 0 0 1 0 1 0 1 1 0 1.525253269533588
0 0 0 1 0 1 0 1 1 1 1.4009226031273883
0 0 0 1 0 1 1 0 0 0 1.7193023112258157
0 0 0 1 0 1 1 0 0 1 1.5896670723048745
0 0 0 1 0 1 1 0 1 0 1.5087007489757607
0 0 0 1 0 1 1 0 1 1 1.4195222686012943
0 0 0 1 0 1 1 1 0 0 1.5809581351507327
0 0 0 1 0 1 1 1 0 1 1.4704912771408174
0 0 0 1 0 1 1 1 1 0 1.4008400386894815
0 0 0 1 0 1 1 1 1 1 1.3264212567862972
0 0 0 1 1 0 0 0 0 0 1.8976400373477738
0 0 0 1 1 0 0 0 0 1 1.625140757188604
0 0 0 1 1 0 0 0 1 0 1.625128503026789
0 0 0 1 1 0 0 0 1 1 1.4485552070289762
0 0 0 1 1 0 0 1 0 0 1.7210455586458453
0 0 0 1 1 0 0 1 0 1 1.502385583764175
0 0 0 1 1 0 0 1 1 0 1.501478425875777
0 0 0 1 1 0 0 1 1 1 1.3524596848349555
0 0 0 1 1 0 1 0 0 0 1.7174229709473205
0 0 0 1 1 0 1 0 0 1 1.4948582170843927
0 0 0 1 1 0 1 0 1 0 1.50025039579314
0 0 0 1 1 0 1 0 1 1 1.3525555025429534
0 0 0 1 1 0 1 1 0 0 1.604879420503174
0 0 0 1 1 0 1 1 0 1 1.4043753226554092
0 0 0 1 1 0 1 1 1 0 1.404647296985308
0 0 0 1 1 0 1 1 1 1 1.2797314319943902
0 0 0 1 1 1 0 0 0 0 1.7192377837382342
0 0 0 1 1 1 0 0 0 1 1.517822526524179
0 0 0 1 1 1 0 0 1 0 1.494609323194106
0 0 0 1 1 1 0 0 1 1 1.369611817069758
0 0 0 1 1 1 0 1 0 0 1.5795528963212717
0 0 0 1 1 1 0 1 0 1 1.409292482871819
0 0 0 1 1 1 0 1 1 0 1.3911431680782262
0 0 0 1 1 1 0 1 1 1 1.290045894431176
0 0 0 1 1 1 1 0 0 0 1.6078785982232635
0 0 0 1 1 1 1 0 0 1 1.4097572946131347
0 0 0 1 1 1 1 0 1 0 1.4094000194589709
0 0 0 1 1 1 1 0 1 1 1.2976461844797667
0 0 0 1 1 1 1 1 0 0 1.5292462608420898
0 0 0 1 1 1 1 1 0 1 1.3403164494226865
0 0 0 1 1 1 1 1 1 0 1.3387908198384921
0 0 0 1 1 1 1 1 1 1 1.2404514004224043
0 0 1 0 0 0 0 0 0 0 2.1595672478386465
0 0 1 0 0 0 0 0 0 1 1.9081718294682029
0 0 1 0 0 0 0 0 1 0 1.9117822281655172
0 0 1 0 0 0 0 0 1 1 1.7210460943747146
0 0 1 0 0 0 0 1 0 0 1.7968279674260512
0 0 1 0 0 0 0 1 0 1 1.6415122564495033
0 0 1 0 0 0 0 1 1 0 1.6312957489670086
0 0 1 0 0 0 0 1 1 1 1.5070660218657035
0 0 1 0 0 0 1 0 0 0 1.9060914031307512
0 0 1 0 0 0 1 0 0 1 1.7233335154261398
0 0 1 0 0 0 1 0 1 0 1.7207862377836174
0 0 1 0 0 0 1 0 1 1 1.5750391533127917
0 0 1 0 0 0 1 1 0 0 1.6251419526194952
0 0 1 0 0 0 1 1 0 1 1.5039390841722031
0 0 1 0 0 0 1 1 1 0 1.500884335997811
0 0 1 0 0 0 1 1 1 1 1.4107961113889542
0 0 1 0 0 1 0 0 0 0 1.904405107246883
0 0 1 0 0 1 0 0 0 1 1.7243875339671364
0 0 1 0 0 1 0 0 1 0 1.7615446689355918
0 0 1 0 0 1 0 0 1 1 1.5834952164364398
0 0 1 0 0 1 0 1 0 0 1.6420108000455198
0 0 1 0 0 1 0 1 0 1 1.516460519405246
0 0 1 0 0 1 0 1 1 0 1.5338906009650954
0 0 1 0 0 1 0 1 1 1 1.408413502408942
0 0 1 0 0 1 1 0 0 0 1.7096554169610068
0 0 1 0 0 1 1 0 0 1 1.5934509675998751
0 0 1 0 0 1 1 0 1 0 1.581726715808246
0 0 1 0 0 1 1 0 1 1 1.4940237468004576
0 0 1 0 0 1 1 1 0 0 1.4986470195464163
0 0 1 0 0 1 1 1 0 1 1.4071583111020833
0 0 1 0 0 1 1 1 1 0 1.4014481493546669
0 0 1 0 0 1 1 1 1 1 1.3354590082717712
0 0 1 0 1 0 0 0 0 0 1.8989521620668184
0 0 1 0 1 0 0 0 0 1 1.6377387851564618
0 0 1 0 1 0 0 0 1 0 1.7203766268447938
0 0 1 0 1 0 0 0 1 1 1.5023860449702269
0 0 1 0 1 0 0 1 0 0 1.6415119596635668
0 0 1 0 1 0 0 1 0 1 1.5084635860969455
0 0 1 0 1 0 0 1 1 0 1.5172618981030261
0 0 1 0 1 0 0 1 1 1 1.384968959296854
0 0 1 0 1 0 1 0 0 0 1.725263046649611
0 0 1 0 1 0 1 0 0 1 1.5084965017187122
0 0 1 0 1 0 1 0 1 0 1.6008708580585636
0 0 1 0 1 0 1 0 1 1 1.4096767506360321
0 0 1 0 1 0 1 1 0 0 1.50249155463752
0 0 1 0 1 0 1 1 0 1 1.3773841739957493
0 0 1 0 1 0 1 1 1 0 1.4094045473396972
0 0 1 0 1 0 1 1 1 1 1.3042721658116025
0 0 1 0 1 1 0 0 0 0 1.7161386254763207
0 0 1 0 1 1 0 0 0 1 1.5031764263077263
0 0 1 0 1 1 0 0 1 0 1.5800480381647541
0 0 1 0 1 1 0 0 1 1 1.4063840946798551
0 0 1 0 1 1 0 1 0 0 1.509421565499632
0 0 1 0 1 1 0 1 0 1 1.3833970078152658
0 0 1 0 1 1 0 1 1 0 1.411983776901384
0 0 1 0 1 1 0 1 1 1 1.2989915522218993
0 0 1 0 1 1 1 0 0 0 1.571436639084681
0 0 1 0 1 1 1 0 0 1 1.404502486371776
0 0 1 0 1 1 1 0 1 0 1.4770914786171454
0 0 1 0 1 1 1 0 1 1 1.3338271214492268
0 0 1 0 1 1 1 1 0 0 1.412379905379661
0 0 1 0 1 1 1 1 0 1 1.3065331711162782
0 0 1 0 1 1 1 1 1 0 1.335930998440917
0 0 1 0 1 1 1 1 1 1 1.2493034633758417
0 0 1 1 0 0 0 0 0 0 1.8979388443930185
0 0 1 1 0 0 0 0 0 1 1.7161133182092594
0 0 1 1 0 0 0 0 1 0 1.635133410688252
0 0 1 1 0 0 0 0 1 1 1.5014790291952196
0 0 1 1 0 0 0 1 0 0 1.6312953270673474
0 0 1 1 0 0 0 1 0 1 1.5172617393225392
0 0 1 1 0 0 0 1 1 0 1.4942699291401695
0 0 1 1 0 0 0 1 1 1 1.3725537522193265
0 0 1 1 0 0 1 0 0 0 1.7174447207395456
0 0 1 1 0 0 1 0 0 1 1.5956264720472706
0 0 1 1 0 0 1 0 1 0 1.514931901244082
0 0 1 1 0 0 1 0 1 1 1.4069725724580933
0 0 1 1 0 0 1 1 0 0 1.5007323804175612
0 0 1 1 0 0 1 1 0 1 1.4095556774102596
0 0 1 1 0 0 1 1 1 0 1.3757622876492366
0 0 1 1 0 0 1 1 1 1 1.3054650136170296
0 0 1 1 0 1 0 0 0 0 1.7205086076803955
0 0 1 1 0 1 0 0 0 1 1.5816938197929526
0 0 1 1 0 1 0 0 1 0 1.5280156545913248
0 0 1 1 0 1 0 0 1 1 1.4063624861856514
0 0 1 1 0 1 0 1 0 0 1.5193098136957708
0 0 1 1 0 1 0 1 0 1 1.4099286475405117
0 0 1 1 0 1 0 1 1 0 1.410669748751268
0 0 1 1 0 1 0 1 1 1 1.2981069588713672
0 0 1 1 0 1 1 0 0 0 1.5684671792835791
0 0 1 1 0 1 1 0 0 1 1.486038232790722
0 0 1 1 0 1 1 0 1 0 1.4085347078692838
0 0 1 1 0 1 1 0 1 1 1.3367318699778605
0 0 1 1 0 1 1 1 0 0 1.3907318320935889
0 0 1 1 0 1 1 1 0 1 1.3177903442541332
0 0 1 1 0 1 1 1 1 0 1.2881246381100009
0 0 1 1 0 1 1 1 1 1 1.2292120598196874
0 0 1 1 1 0 0 0 0 0 1.7027651114450728
0 0 1 1 1 0 0 0 0 1 1.4991716589995303
0 0 1 1 1 0 0 0 1 0 1.500190608902492
0 0 1 1 1 0 0 0 1 1 1.3524598742680198
0 0 1 1 1 0 0 1 0 0 1.5070658294056047
0 0 1 1 1 0 0 1 0 1 1.3849689092841062
0 0 1 1 1 0 0 1 1 0 1.3725534585723418
0 0 1 1 1 0 0 1 1 1 1.269957744832507
0 0 1 1 1 0 1 0 0 0 1.5640034457669476
0 0 1 1 1 0 1 0 0 1 1.3929361407178804
0 0 1 1 1 0 1 0 1 0 1.4102279781695932
0 0 1 1 1 0 1 0 1 1 1.2792798841773962
0 0 1 1 1 0 1 1 0 0 1.4030619651098781
0 0 1 1 1 0 1 1 0 1 1.294788130243126
0 0 1 1 1 0 1 1 1 0 1.3012438377148177
0 0 1 1 1 0 1 1 1 1 1.2079720254249442
0 0 1 1 1 1 0 0 0 0 1.5680329749718884
0 0 1 1 1 1 0 0 0 1 1.4060445214647552
0 0 1 1 1 1 0 0 1 0 1.3926156593516135
0 0 1 1 1 1 0 0 1 1 1.2842774342949697
0 0 1 1 1 1 0 1 0 0 1.392025937404375
0 0 1 1 1 1 0 1 0 1 1.293623232584174
0 0 1 1 1 1 0 1 1 0 1.2793163399311858
0 0 1 1 1 1 0 1 1 1 1.2022753053289335
0 0 1 1 1 1 1 0 0 0 1.471337635476689
0 0 1 1 1 1 1 0 0 1 1.3263431847091962
0 0 1 1 1 1 1 0 1 0 1.3280340236376202
0 0 1 1 1 1 1 0 1 1 1.2318291752468953
0 0 1 1 1 1 1 1 0 0 1.3431101111479893
0 0 1 1 1 1 1 1 0 1 1.2407790343362695
0 0 1 1 1 1 1 1 1 0 1.2482430446357773
0 0 1 1 1 1 1 1 1 1 1.1696998778854395
0 1 0 0 0 0 0 0 0 0 2.1595658307318026
0 1 0 0 0 0 0 0 0 1 1.9140941513543313
0 1 0 0 0 0 0 0 1 0 1.9081714054161785
0 1 0 0 0 0 0 0 1 1 1.7174237051563401
0 1 0 0 0 0 0 1 0 0 1.9060914021648516
0 1 0 0 0 0 0 1 0 1 1.7252635469081907
0 1 0 0 0 0 0 1 1 0 1.7174450394543688
0 1 0 0 0 0 0 1 1 1 1.564003913435296
0 1 0 0 0 0 1 0 0 0 1.7968261438492306
0 1 0 0 0 0 1 0 0 1 1.6420097181377225
0 1 0 0 0 0 1 0 1 0 1.6415113347212498
0 1 0 0 0 0 1 0 1 1 1.5094212237036717
0 1 0 0 0 0 1 1 0 0 1.6251289377920723
0 1 0 0 0 0 1 1 0 1 1.5096992084596075
0 1 0 0 0 0 1 1 1 0 1.5048099417473084
0 1 0 0 0 0 1 1 1 1 1.4064325970497296
0 1 0 0 0 1 0 0 0 0 1.9060903448533153
0 1 0 0 0 1 0 0 0 1 1.739190787818111
0 1 0 0 0 1 0 0 1 0 1.7233333387424397
0 1 0 0 0 1 0 0 1 1 1.584863219663208
0 1 0 0 0 1 0 1 0 0 1.7391916517899821
0 1 0 0 0 1 0 1 0 1 1.633981690454948
0 1 0 0 0 1 0 1 1 0 1.5834165290745057
0 1 0 0 0 1 0 1 1 1 1.4919936016151913
0 1 0 0 0 1 1 0 0 0 1.6251403952752976
0 1 0 0 0 1 1 0 0 1 1.5099704996674859
0 1 0 0 0 1 1 0 1 0 1.503938447027348
0 1 0 0 0 1 1 0 1 1 1.4139535686939007
0 1 0 0 0 1 1 1 0 0 1.5178229536586803
0 1 0 0 0 1 1 1 0 1 1.4229686753614017
0 1 0 0 0 1 1 1 1 0 1.4088680647846221
0 1 0 0 0 1 1 1 1 1 1.3459577388064474
0 1 0 0 1 0 0 0 0 0 1.9044042350966066
0 1 0 0 1 0 0 0 0 1 1.6384310571515568
0 1 0 0 1 0 0 0 1 0 1.7243874925589373
0 1 0 0 1 0 0 0 1 1 1.4948588179651088
0 1 0 0 1 0 0 1 0 0 1.723333111410422
0 1 0 0 1 0 0 1 0 1 1.5084964050653686
0 1 0 0 1 0 0 1 1 0 1.5956263102030523
0 1 0 0 1 0 0 1 1 1 1.3929363820164304
0 1 0 0 1 0 1 0 0 0 1.6420094517653188
0 1 0 0 1 0 1 0 0 1 1.5044164650722363
0 1 0 0 1 0 1 0 1 0 1.5164596213028163
0 1 0 0 1 0 1 0 1 1 1.3934793550133355
0 1 0 0 1 0 1 1 0 0 1.4994968242544306
0 1 0 0 1 0 1 1 0 1 1.3855169917586254
0 1 0 0 1 0 1 1 1 0 1.4011786106612345
0 1 0 0 1 0 1 1 1 1 1.3081991887022173
0 1 0 0 1 1 0 0 0 0 1.7096545256169442
0 1 0 0 1 1 0 0 0 1 1.507476195727729
0 1 0 0 1 1 0 0 1 0 1.5934508835583054
0 1 0 0 1 1 0 0 1 1 1.4181635106767612
0 1 0 0 1 1 0 1 0 0 1.5848629931773632
0 1 0 0 1 1 0 1 0 1 1.419691502373897
0 1 0 0 1 1 0 1 1 0 1.487777973209327
0 1 0 0 1 1 0 1 1 1 1.3369035104182534
0 1 0 0 1 1 1 0 0 0 1.4986459036802566
0 1 0 0 1 1 1 0 0 1 1.3843961868586787
0 1 0 0 1 1 1 0 1 0 1.4071576995303514
0 1 0 0 1 1 1 0 1 1 1.3208558097021081
0 1 0 0 1 1 1 1 0 0 1.4119295552301374
0 1 0 0 1 1 1 1 0 1 1.3151094516098742
0 1 0 0 1 1 1 1 1 0 1.3304143433757978
0 1 0 0 1 1 1 1 1 1 1.2592894368733312
0 1 0 1 0 0 0 0 0 0 1.8989523932450751
0 1 0 1 0 0 0 0 0 1 1.7243438878405961
0 1 0 1 0 0 0 0 1 0 1.6377387219492068
0 1 0 1 0 0 0 0 1 1 1.5002512106188886
0 1 0 1 0 0 0 1 0 0 1.7207857958898891
0 1 0 1 0 0 0 1 0 1 1.600871102245364
0 1 0 1 0 0 0 1 1 0 1.514931819334246
0 1 0 1 0 0 0 1 1 1 1.4102283289922195
0 1 0 1 0 0 1 0 0 0 1.6415110385408704
0 1 0 1 0 0 1 0 0 1 1.516459681504969
0 1 0 1 0 0 1 0 1 0 1.5084628157332982
0 1 0 1 0 0 1 0 1 1 1.3833974506003532
0 1 0 1 0 0 1 1 0 0 1.509011721830212
0 1 0 1 0 0 1 1 0 1 1.4154922075666794
0 1 0 1 0 0 1 1 1 0 1.388804671794713
0 1 0 1 0 0 1 1 1 1 1.3041669463947754
0 1 0 1 0 1 0 0 0 0 1.7252627593463559
0 1 0 1 0 1 0 0 0 1 1.6339812822916497
0 1 0 1 0 1 0 0 1 0 1.5084963317645779
0 1 0 1 0 1 0 0 1 1 1.4196916375808124
0 1 0 1 0 1 0 1 0 0 1.5974021778598395
0 1 0 1 0 1 0 1 0 1 1.5586311202001173
0 1 0 1 0 1 0 1 1 0 1.411029129269136
0 1 0 1 0 1 0 1 1 1 1.3539526537752138
0 1 0 1 0 1 1 0 0 0 1.5024903984980091
0 1 0 1 0 1 1 0 0 1 1.4296711739266144
0 1 0 1 0 1 1 0 1 0 1.3773833681793521
0 1 0 1 0 1 1 0 1 1 1.3171744776896626
0 1 0 1 0 1 1 1 0 0 1.4114809661955365
0 1 0 1 0 1 1 1 0 1 1.3595669147008458
0 1 0 1 0 1 1 1 1 0 1.2923490394881412
0 1 0 1 0 1 1 1 1 1 1.2536616710737842
0 1 0 1 1 0 0 0 0 0 1.7161386775837464
0 1 0 1 1 0 0 0 0 1 1.5072757720033985
0 1 0 1 1 0 0 0 1 0 1.5031767372071614
0 1 0 1 1 0 0 0 1 1 1.3525558103761457
0 1 0 1 1 0 0 1 0 0 1.5750384925686534
0 1 0 1 1 0 0 1 0 1 1.4096767296070034
0 1 0 1 1 0 0 1 1 0 1.406972540251244
0 1 0 1 1 0 0 1 1 1 1.2792801620267047
0 1 0 1 1 0 1 0 0 0 1.5094208072931459
0 1 0 1 1 0 1 0 0 1 1.3934792569830705
0 1 0 1 1 0 1 0 1 0 1.3833972651244584
0 1 0 1 1 0 1 0 1 1 1.2718029135645097
0 1 0 1 1 0 1 1 0 0 1.4035912310505334
0 1 0 1 1 0 1 1 0 1 1.3170412489798258
0 1 0 1 1 0 1 1 1 0 1.296330691404126
0 1 0 1 1 0 1 1 1 1 1.2159953173152043
0 1 0 1 1 1 0 0 0 0 1.5714364464571675
0 1 0 1 1 1 0 0 0 1 1.4252201585456676
0 1 0 1 1 1 0 0 1 0 1.4045026594014054
0 1 0 1 1 1 0 0 1 1 1.297332830482957
0 1 0 1 1 1 0 1 0 0 1.4664163234431682
0 1 0 1 1 1 0 1 0 1 1.3546278862937529
0 1 0 1 1 1 0 1 1 0 1.321017392145877
0 1 0 1 1 1 0 1 1 1 1.236644609618116
0 1 0 1 1 1 1 0 0 0 1.4123793763219727
0 1 0 1 1 1 1 0 0 1 1.3194016845780387
0 1 0 1 1 1 1 0 1 0 1.3065327264855953
0 1 0 1 1 1 1 0 1 1 1.2280176602033186
0 1 0 1 1 1 1 1 0 0 1.3451909350994737
0 1 0 1 1 1 1 1 0 1 1.270264410892097
0 1 0 1 1 1 1 1 1 0 1.2407666125375596
0 1 0 1 1 1 1 1 1 1 1.1868930436181484
0 1 1 0 0 0 0 0 0 0 1.8976403916155051
0 1 1 0 0 0 0 0 0 1 1.7193030003112568
0 1 1 0 0 0 0 0 1 0 1.7228674909863704
0 1 1 0 0 0 0 0 1 1 1.6048802077452955
0 1 1 0 0 0 0 1 0 0 1.6251422180159167
0 1 1 0 0 0 0 1 0 1 1.5024922310237951
0 1 1 0 0 0 0 1 1 0 1.5007328865398841
0 1 1 0 0 0 0 1 1 1 1.4030627721045206
0 1 1 0 0 0 1 0 0 0 1.6251293996842588
0 1 1 0 0 0 1 0 0 1 1.4994974238052474
0 1 1 0 0 0 1 0 1 0 1.5090123680496454
0 1 1 0 0 0 1 0 1 1 1.403591952802677
0 1 1 0 0 0 1 1 0 0 1.4485567302145195
0 1 1 0 0 0 1 1 0 1 1.3609618746201124
0 1 1 0 0 0 1 1 1 0 1.3558418230868332
0 1 1 0 0 0 1 1 1 1 1.2821020553086435
0 1 1 0 0 1 0 0 0 0 1.71220493396523
0 1 1 0 0 1 0 0 0 1 1.5896677823168586
0 1 1 0 0 1 0 0 1 0 1.5822124643563562
0 1 1 0 0 1 0 0 1 1 1.4849050063453841
0 1 1 0 0 1 0 1 0 0 1.5099719847356265
0 1 1 0 0 1 0 1 0 1 1.4296724659829723
0 1 1 0 0 1 0 1 1 0 1.4069220959071094
0 1 1 0 0 1 0 1 1 1 1.3360736915146316
0 1 1 0 0 1 1 0 0 0 1.5119293780044065
0 1 1 0 0 1 1 0 0 1 1.4195745685061105
0 1 1 0 0 1 1 0 1 0 1.405397433437769
0 1 1 0 0 1 1 0 1 1 1.3433115846181742
0 1 1 0 0 1 1 1 0 0 1.3685546176228616
0 1 1 0 0 1 1 1 0 1 1.299993368178704
0 1 1 0 0 1 1 1 1 0 1.2822887916571697
0 1 1 0 0 1 1 1 1 1 1.2377599738307126
0 1 1 0 1 0 0 0 0 0 1.7165927810960193
0 1 1 0 1 0 0 0 0 1 1.5087013053065923
0 1 1 0 1 0 0 0 1 0 1.5816834245944942
0 1 1 0 1 0 0 0 1 1 1.4043759511258305
0 1 1 0 1 0 0 1 0 0 1.5039391499091361
0 1 1 0 1 0 0 1 0 1 1.377384399020394
0 1 1 0 1 0 0 1 1 0 1.4095557547424085
0 1 1 0 1 0 0 1 1 1 1.2947885563222257
0 1 1 0 1 0 1 0 0 0 1.5096989986031744
0 1 1 0 1 0 1 0 0 1 1.3855170720165257
0 1 1 0 1 0 1 0 1 0 1.4154919616762933
0 1 1 0 1 0 1 0 1 1 1.3170413564763372
0 1 1 0 1 0 1 1 0 0 1.3609616634421915
0 1 1 0 1 0 1 1 0 1 1.2723217922194245
0 1 1 0 1 0 1 1 1 0 1.286440160573911
0 1 1 0 1 0 1 1 1 1 1.2183814678212634
0 1 1 0 1 1 0 0 0 0 1.5970620299912162
0 1 1 0 1 1 0 0 0 1 1.4195229720343303
0 1 1 0 1 1 0 0 1 0 1.4988769714241184
0 1 1 0 1 1 0 0 1 1 1.3462856527144982
0 1 1 0 1 1 0 1 0 0 1.4139543548897768
0 1 1 0 1 1 0 1 0 1 1.3171751661445856
0 1 1 0 1 1 0 1 1 0 1.3393462693137108
0 1 1 0 1 1 0 1 1 1 1.2517822776207248
0 1 1 0 1 1 1 0 0 0 1.4167352319129027
0 1 1 0 1 1 1 0 0 1 1.3176203911622717
0 1 1 0 1 1 1 0 1 0 1.338217937465982
0 1 1 0 1 1 1 0 1 1 1.2711797403869423
0 1 1 0 1 1 1 1 0 0 1.2960468517402297
0 1 1 0 1 1 1 1 0 1 1.2274498561134513
0 1 1 0 1 1 1 1 1 0 1.232298251753635
0 1 1 0 1 1 1 1 1 1 1.18919953912352
0 1 1 1 0 0 0 0 0 0 1.7047078839706056
0 1 1 1 0 0 0 0 0 1 1.5652164860762419
0 1 1 1 0 0 0 0 1 0 1.5138144369505666
0 1 1 1 0 0 0 0 1 1 1.404647984122183
0 1 1 1 0 0 0 1 0 0 1.5008842753781186
0 1 1 1 0 0 0 1 0 1 1.409404735464108
0 1 1 1 0 0 0 1 1 0 1.3757624380396112
0 1 1 1 0 0 0 1 1 1 1.3012442756326277
0 1 1 1 0 0 1 0 0 0 1.504810034051092
0 1 1 1 0 0 1 0 0 1 1.401178973958424
0 1 1 1 0 0 1 0 1 0 1.388804837671435
0 1 1 1 0 0 1 0 1 1 1.2963312326647765
0 1 1 1 0 0 1 1 0 0 1.3558417281534914
0 1 1 1 0 0 1 1 0 1 1.2864403414899053
0 1 1 1 0 0 1 1 1 0 1.2702226481097147
0 1 1 1 0 0 1 1 1 1 1.2107094009893846
0 1 1 1 0 1 0 0 0 0 1.5691691677344248
0 1 1 1 0 1 0 0 0 1 1.4963660648086892
0 1 1 1 0 1 0 0 1 0 1.4056069954731691
0 1 1 1 0 1 0 0 1 1 1.333457563960335
0 1 1 1 0 1 0 1 0 0 1.4015949443583808
0 1 1 1 0 1 0 1 0 1 1.360364853926609
0 1 1 1 0 1 0 1 1 0 1.2935210733896703
0 1 1 1 0 1 0 1 1 1 1.2558103740719981
0 1 1 1 0 1 1 0 0 0 1.4067819184399102
0 1 1 1 0 1 1 0 0 1 1.3408676730549534
0 1 1 1 0 1 1 0 1 0 1.2968287982076265
0 1 1 1 0 1 1 0 1 1 1.2481328658235349
0 1 1 1 0 1 1 1 0 0 1.288597204358783
0 1 1 1 0 1 1 1 0 1 1.242206996564383
0 1 1 1 0 1 1 1 1 0 1.196164959912177
0 1 1 1 0 1 1 1 1 1 1.1714914056307757
0 1 1 1 1 0 0 0 0 0 1.5936789436921523
0 1 1 1 1 0 0 0 0 1 1.4052742656748467
0 1 1 1 1 0 0 0 1 0 1.409902853697555
0 1 1 1 1 0 0 0 1 1 1.2797318257362733
0 1 1 1 1 0 0 1 0 0 1.410795888662613
0 1 1 1 1 0 0 1 0 1 1.3042721466384948
0 1 1 1 1 0 0 1 1 0 1.3054651298885867
0 1 1 1 1 0 0 1 1 1 1.2079722350371065
0 1 1 1 1 0 1 0 0 0 1.4064321671031927
0 1 1 1 1 0 1 0 0 1 1.3081991096041867
0 1 1 1 1 0 1 0 1 0 1.3041666147533664
0 1 1 1 1 0 1 0 1 1 1.2159952907590121
0 1 1 1 1 0 1 1 0 0 1.2821015934346105
0 1 1 1 1 0 1 1 0 1 1.2183813080103316
0 1 1 1 1 0 1 1 1 0 1.21070900094405
0 1 1 1 1 0 1 1 1 1 1.1580947410733393
0 1 1 1 1 1 0 0 0 0 1.4822642448030918
0 1 1 1 1 1 0 0 0 1 1.3501755715373465
0 1 1 1 1 1 0 0 1 0 1.336873419918238
0 1 1 1 1 1 0 0 1 1 1.2379867751011757
0 1 1 1 1 1 0 1 0 0 1.3230183653919505
0 1 1 1 1 1 0 1 0 1 1.2600261693154797
0 1 1 1 1 1 0 1 1 0 1.2270245410069602
0 1 1 1 1 1 0 1 1 1 1.1745204042292865
0 1 1 1 1 1 1 0 0 0 1.3456616067815101
0 1 1 1 1 1 1 0 0 1 1.2593684945838792
0 1 1 1 1 1 1 0 1 0 1.2493462846982049
0 1 1 1 1 1 1 0 1 1 1.1874715133598517
0 1 1 1 1 1 1 1 0 0 1.2389209400901016
0 1 1 1 1 1 1 1 0 1 1.1906665895238582
0 1 1 1 1 1 1 1 1 0 1.1633328303784989
0 1 1 1 1 1 1 1 1 1 1.1399079907968823
1 0 0 0 0 0 0 0 0 0 2.1595659168016548
1 0 0 0 0 0 0 0 0 1 1.8976398289195051
1 0 0 0 0 0 0 0 1 0 1.9140948316396624
1 0 0 0 0 0 0 0 1 1 1.7192383389605161
1 0 0 0 0 0 0 1 0 0 1.9044050521121385
1 0 0 0 0 0 0 1 0 1 1.7161389624550734
1 0 0 0 0 0 0 1 1 0 1.7205090929579054
1 0 0 0 0 0 0 1 1 1 1.5680332640326664
1 0 0 0 0 0 1 0 0 0 1.9060903439757504
1 0 0 0 0 0 1 0 0 1 1.7096547861481883
1 0 0 0 0 0 1 0 1 0 1.7252632590355481
1 0 0 0 0 0 1 0 1 1 1.571436937675163
1 0 0 0 0 0 1 1 0 0 1.7122047571261634
1 0 0 0 0 0 1 1 0 1 1.5970620949889114
1 0 0 0 0 0 1 1 1 0 1.5691694577419193
1 0 0 0 0 0 1 1 1 1 1.482264394705021
1 0 0 0 0 1 0 0 0 0 1.7968263160640257
1 0 0 0 0 1 0 0 0 1 1.6251405543264603
1 0 0 0 0 1 0 0 1 0 1.6420103135733457
1 0 0 0 0 1 0 0 1 1 1.4986466512859191
1 0 0 0 0 1 0 1 0 0 1.6384316471789162
1 0 0 0 0 1 0 1 0 1 1.507275796068689
1 0 0 0 0 1 0 1 1 0 1.542711580571156
1 0 0 0 0 1 0 1 1 1 1.4066000392489444
1 0 0 0 0 1 1 0 0 0 1.6251282019858702
1 0 0 0 0 1 1 0 0 1 1.511928099629012
1 0 0 0 0 1 1 0 1 0 1.5096986769397631
1 0 0 0 0 1 1 0 1 1 1.4167348419386439
1 0 0 0 0 1 1 1 0 0 1.4946091299658162
1 0 0 0 0 1 1 1 0 1 1.416064222345905
1 0 0 0 0 1 1 1 1 0 1.4024080123557003
1 0 0 0 0 1 1 1 1 1 1.3453587154517566
1 0 0 0 1 0 0 0 0 0 1.9060900659138846
1 0 0 0 1 0 0 0 0 1 1.6251282970207896
1 0 0 0 1 0 0 0 1 0 1.7391912051415772
1 0 0 0 1 0 0 0 1 1 1.517823192605924
1 0 0 0 1 0 0 1 0 0 1.724387073862194
1 0 0 0 1 0 0 1 0 1 1.5031764236542096
1 0 0 0 1 0 0 1 1 0 1.5816935823200493
1 0 0 0 1 0 0 1 1 1 1.4060446832671654
1 0 0 0 1 0 1 0 0 0 1.7391904747886429
1 0 0 0 1 0 1 0 0 1 1.5074761057448742
1 0 0 0 1 0 1 0 1 0 1.6339812423530138
1 0 0 0 1 0 1 0 1 1 1.4252200952817788
1 0 0 0 1 0 1 1 0 0 1.5896671477088407
1 0 0 0 1 0 1 1 0 1 1.4195224151587127
1 0 0 0 1 0 1 1 1 0 1.4963660236289291
1 0 0 0 1 0 1 1 1 1 1.350175444066511
1 0 0 0 1 1 0 0 0 0 1.6251402884613149
1 0 0 0 1 1 0 0 0 1 1.4485545160228128
1 0 0 0 1 1 0 0 1 0 1.5099709738970601
1 0 0 0 1 1 0 0 1 1 1.3685532351099934
1 0 0 0 1 1 0 1 0 0 1.4948584683258213
1 0 0 0 1 1 0 1 0 1 1.352555141369051
1 0 0 0 1 1 0 1 1 0 1.4081169537714608
1 0 0 0 1 1 0 1 1 1 1.285460322934301
1 0 0 0 1 1 1 0 0 0 1.5178222906862886
1 0 0 0 1 1 1 0 0 1 1.3696106553530907
1 0 0 0 1 1 1 0 1 0 1.4229686040673746
1 0 0 0 1 1 1 0 1 1 1.3227631699568578
1 0 0 0 1 1 1 1 0 0 1.409757505744862
1 0 0 0 1 1 1 1 0 1 1.2976459812172039
1 0 0 0 1 1 1 1 1 0 1.3328518991635565
1 0 0 0 1 1 1 1 1 1 1.256603947056528
1 0 0 1 0 0 0 0 0 0 1.9044051082963367
1 0 0 1 0 0 0 0 0 1 1.712204949181407
1 0 0 1 0 0 0 0 1 0 1.638431541434665
1 0 0 1 0 0 0 0 1 1 1.4946097369322344
1 0 0 1 0 0 0 1 0 0 1.7615441600708033
1 0 0 1 0 0 0 1 0 1 1.5800476964697427
1 0 0 1 0 0 0 1 1 0 1.5280159396891348
1 0 0 1 0 0 0 1 1 1 1.392615805594619
1 0 0 1 0 0 1 0 0 0 1.7233329357693432
1 0 0 1 0 0 1 0 0 1 1.5934508246653025
1 0 0 1 0 0 1 0 1 0 1.5084962352115443
1 0 0 1 0 0 1 0 1 1 1.4045027458561437
1 0 0 1 0 0 1 1 0 0 1.5822120032271152
1 0 0 1 0 0 1 1 0 1 1.4988767985692344
1 0 0 1 0 0 1 1 1 0 1.4056070368558125
1 0 0 1 0 0 1 1 1 1 1.336873570706261
1 0 0 1 0 1 0 0 0 0 1.6420100482228384
1 0 0 1 0 1 0 0 0 1 1.509970842304894
1 0 0 1 0 1 0 0 1 0 1.5044167065081056
1 0 0 1 0 1 0 0 1 1 1.3843964270608398
1 0 0 1 0 1 0 1 0 0 1.5473008855946875
1 0 0 1 0 1 0 1 0 1 1.4178411438300755
1 0 0 1 0 1 0 1 1 0 1.4301173494707184
1 0 0 1 0 1 0 1 1 1 1.3125275633015407
1 0 0 1 0 1 1 0 0 0 1.4994967316274341
1 0 0 1 0 1 1 0 0 1 1.4195738227437251
1 0 0 1 0 1 1 0 1 0 1.38551655138189
1 0 0 1 0 1 1 0 1 1 1.3176198603364184
1 0 0 1 0 1 1 1 0 0 1.405190471439854
1 0 0 1 0 1 1 1 0 1 1.3411399645459474
1 0 0 1 0 1 1 1 1 0 1.3027077235036426
1 0 0 1 0 1 1 1 1 1 1.2570516035155774
1 0 0 1 1 0 0 0 0 0 1.7096548731724317
1 0 0 1 1 0 0 0 0 1 1.5119286718756202
1 0 0 1 1 0 0 0 1 0 1.507476471332948
1 0 0 1 1 0 0 0 1 1 1.3696119790340797
1 0 0 1 1 0 0 1 0 0 1.5834945308531725
1 0 0 1 1 0 0 1 0 1 1.4063837989454047
1 0 0 1 1 0 0 1 1 0 1.406362082862687
1 0 0 1 1 0 0 1 1 1 1.2842772024860138
1 0 0 1 1 0 1 0 0 0 1.584862654266106
1 0 0 1 1 0 1 0 0 1 1.4181632576479533
1 0 0 1 1 0 1 0 1 0 1.4196914490021832
1 0 0 1 1 0 1 0 1 1 1.2973327674130335
1 0 0 1 1 0 1 1 0 0 1.484904364227422
1 0 0 1 1 0 1 1 0 1 1.3462851572446421
1 0 0 1 1 0 1 1 1 0 1.3334572557564544
1 0 0 1 1 0 1 1 1 1 1.2379866206799521
1 0 0 1 1 1 0 0 0 0 1.498646361544063
1 0 0 1 1 1 0 0 0 1 1.3685531273201892
1 0 0 1 1 1 0 0 1 0 1.384396634149177
1 0 0 1 1 1 0 0 1 1 1.293873254501436
1 0 0 1 1 1 0 1 0 0 1.4035191531308122
1 0 0 1 1 1 0 1 0 1 1.2857472689293055
1 0 0 1 1 1 0 1 1 0 1.3086174299107627
1 0 0 1 1 1 0 1 1 1 1.2227991373885834
1 0 0 1 1 1 1 0 0 0 1.4119296260216319
1 0 0 1 1 1 1 0 0 1 1.3212612052176347
1 0 0 1 1 1 1 0 1 0 1.3151095196924487
1 0 0 1 1 1 1 0 1 1 1.2564967347115588
1 0 0 1 1 1 1 1 0 0 1.3471858691582963
1 0 0 1 1 1 1 1 0 1 1.2621335812946544
1 0 0 1 1 1 1 1 1 0 1.2555955928020415
1 0 0 1 1 1 1 1 1 1 1.2038154792866
1 0 1 0 0 0 0 0 0 0 1.9140951584550054
1 0 1 0 0 0 0 0 0 1 1.7174239348043752
1 0 1 0 0 0 0 0 1 0 1.766420479634624
1 0 1 0 0 0 0 0 1 1 1.5795536257285885
1 0 1 0 0 0 0 1 0 0 1.6420110655566724
1 0 1 0 0 0 0 1 0 1 1.509421981339249
1 0 1 0 0 0 0 1 1 0 1.519310137002341
1 0 1 0 0 0 0 1 1 1 1.3920264568412308
1 0 1 0 0 0 1 0 0 0 1.7391919646412952
1 0 1 0 0 0 1 0 0 1 1.5848635588388327
1 0 1 0 0 0 1 0 1 0 1.5974026395561896
1 0 1 0 0 0 1 0 1 1 1.466416914357925
1 0 1 0 0 0 1 1 0 0 1.5099721166531426
1 0 1 0 0 0 1 1 0 1 1.413954671138299
1 0 1 0 0 0 1 1 1 0 1.401595373273471
1 0 1 0 0 0 1 1 1 1 1.3230187280562842
1 0 1 0 0 1 0 0 0 0 1.638431941061034
1 0 1 0 0 1 0 0 0 1 1.4948590701588782
1 0 1 0 0 1 0 0 1 0 1.5473012011518281
1 0 1 0 0 1 0 0 1 1 1.4035198223973022
1 0 1 0 0 1 0 1 0 0 1.5044175840069445
1 0 1 0 0 1 0 1 0 1 1.393480201738205
1 0 1 0 0 1 0 1 1 0 1.43357506611593
1 0 1 0 0 1 0 1 1 1 1.3146805748775237
1 0 1 0 0 1 1 0 0 0 1.507477356659256
1 0 1 0 0 1 1 0 0 1 1.4181640621338807
1 0 1 0 0 1 1 0 1 0 1.4140079080462398
1 0 1 0 0 1 1 0 1 1 1.3376062994648756
1 0 1 0 0 1 1 1 0 0 1.384397111689378
1 0 1 0 0 1 1 1 0 1 1.3208564134113012
1 0 1 0 0 1 1 1 1 0 1.310446381351435
1 0 1 0 0 1 1 1 1 1 1.258425587810321
1 0 1 0 1 0 0 0 0 0 1.7243438743782677
1 0 1 0 1 0 0 0 0 1 1.5002510810243304
1 0 1 0 1 0 0 0 1 0 1.597317182919448
1 0 1 0 1 0 0 0 1 1 1.4092931620954643
1 0 1 0 1 0 0 1 0 0 1.5164605778586497
1 0 1 0 1 0 0 1 0 1 1.3833971920634245
1 0 1 0 1 0 0 1 1 0 1.4099288088142243
1 0 1 0 1 0 0 1 1 1 1.293623843292914
1 0 1 0 1 0 1 0 0 0 1.6339817290443106
1 0 1 0 1 0 1 0 0 1 1.4196916893167095
1 0 1 0 1 0 1 0 1 0 1.5586312614391984
1 0 1 0 1 0 1 0 1 1 1.3546281021368516
1 0 1 0 1 0 1 1 0 0 1.4296723649556247
1 0 1 0 1 0 1 1 0 1 1.3171752178842373
1 0 1 0 1 0 1 1 1 0 1.360365029857335
1 0 1 0 1 0 1 1 1 1 1.2600263792556596
1 0 1 0 1 1 0 0 0 0 1.5072759950637544
1 0 1 0 1 1 0 0 0 1 1.3525554499587222
1 0 1 0 1 1 0 0 1 0 1.4178413617806938
1 0 1 0 1 1 0 0 1 1 1.2857476206650558
1 0 1 0 1 1 0 1 0 0 1.393480103499907
1 0 1 0 1 1 0 1 0 1 1.271802825114855
1 0 1 0 1 1 0 1 1 0 1.3167869063669275
1 0 1 0 1 1 0 1 1 1 1.2119939710337044
1 0 1 0 1 1 1 0 0 0 1.4252206763282533
1 0 1 0 1 1 1 0 0 1 1.2973326286493
1 0 1 0 1 1 1 0 1 0 1.3632629673685037
1 0 1 0 1 1 1 0 1 1 1.2610425733866102
1 0 1 0 1 1 1 1 0 0 1.319402087295804
1 0 1 0 1 1 1 1 0 1 1.228017697275496
1 0 1 0 1 1 1 1 1 0 1.2611808898076362
1 0 1 0 1 1 1 1 1 1 1.1928652839354654
1 0 1 1 0 0 0 0 0 0 1.7222530166913568
1 0 1 1 0 0 0 0 0 1 1.5719286428470338
1 0 1 1 0 0 0 0 1 0 1.5252535394510807
1 0 1 1 0 0 0 0 1 1 1.391143585126555
1 0 1 1 0 0 0 1 0 0 1.533890815727264
1 0 1 1 0 0 0 1 0 1 1.4119839571162722
1 0 1 1 0 0 0 1 1 0 1.4106702717984987
1 0 1 1 0 0 0 1 1 1 1.2793164569514457
1 0 1 1 0 0 1 0 0 0 1.5834164121490368
1 0 1 1 0 0 1 0 0 1 1.487778375656419
1 0 1 1 0 0 1 0 1 0 1.411029054315278
1 0 1 1 0 0 1 0 1 1 1.3210175161649913
1 0 1 1 0 0 1 1 0 0 1.4069220307566799
1 0 1 1 0 0 1 1 0 1 1.3393466838227028
1 0 1 1 0 0 1 1 1 0 1.293520922943638
1 0 1 1 0 0 1 1 1 1 1.2270244408946418
1 0 1 1 0 1 0 0 0 0 1.5427117736250961
1 0 1 1 0 1 0 0 0 1 1.408117283970409
1 0 1 1 0 1 0 0 1 0 1.430117487815019
1 0 1 1 0 1 0 0 1 1 1.3086173427087804
1 0 1 1 0 1 0 1 0 0 1.4335751113442168
1 0 1 1 0 1 0 1 0 1 1.3167872878289892
1 0 1 1 0 1 0 1 1 0 1.3735499586226616
1 0 1 1 0 1 0 1 1 1 1.2477921473236129
1 0 1 1 0 1 1 0 0 0 1.4073346116880705
1 0 1 1 0 1 1 0 0 1 1.3512845112183829
1 0 1 1 0 1 1 0 1 0 1.3143848740214057
1 0 1 1 0 1 1 0 1 1 1.2581980883370094
1 0 1 1 0 1 1 1 0 0 1.3114159089196675
1 0 1 1 0 1 1 1 0 1 1.2571999705071246
1 0 1 1 0 1 1 1 1 0 1.2499282112848253
1 0 1 1 0 1 1 1 1 1 1.2102763029905463
1 0 1 1 1 0 0 0 0 0 1.5632535780324355
1 0 1 1 1 0 0 0 0 1 1.401880755216199
1 0 1 1 1 0 0 0 1 0 1.4009228357949466
1 0 1 1 1 0 0 0 1 1 1.290046151608953
1 0 1 1 1 0 0 1 0 0 1.4084133563173087
1 0 1 1 1 0 0 1 0 1 1.2989916382736366
1 0 1 1 1 0 0 1 1 0 1.298107067753869
1 0 1 1 1 0 0 1 1 1 1.2022754075827413
1 0 1 1 1 0 1 0 0 0 1.491993436262995
1 0 1 1 1 0 1 0 0 1 1.3369034710127827
1 0 1 1 1 0 1 0 1 0 1.3539525014250868
1 0 1 1 1 0 1 0 1 1 1.23664482459633
1 0 1 1 1 0 1 1 0 0 1.336073243172937
1 0 1 1 1 0 1 1 0 1 1.2517821021247777
1 0 1 1 1 0 1 1 1 0 1.2558101094970207
1 0 1 1 1 0 1 1 1 1 1.1745204454408549
1 0 1 1 1 1 0 0 0 0 1.4066002564503348
1 0 1 1 1 1 0 0 0 1 1.2854607108072056
1 0 1 1 1 1 0 0 1 0 1.3125275447136777
1 0 1 1 1 1 0 0 1 1 1.2227995082660874
1 0 1 1 1 1 0 1 0 0 1.314680258343693
1 0 1 1 1 1 0 1 0 1 1.211993875852876
1 0 1 1 1 1 0 1 1 0 1.2477921445555655
1 0 1 1 1 1 0 1 1 1 1.1492091175095833
1 0 1 1 1 1 1 0 0 0 1.3349847960310086
1 0 1 1 1 1 1 0 0 1 1.2489722927583475
1 0 1 1 1 1 1 0 1 0 1.263310057990708
1 0 1 1 1 1 1 0 1 1 1.2024483511916828
1 0 1 1 1 1 1 1 0 0 1.2633291783700509
1 0 1 1 1 1 1 1 0 1 1.1906414642111074
1 0 1 1 1 1 1 1 1 0 1.2049341943067606
1 0 1 1 1 1 1 1 1 1 1.1464759395079158
1 1 0 0 0 0 0 0 0 0 1.897639644229797
1 1 0 0 0 0 0 0 0 1 1.7192375948294383
1 1 0 0 0 0 0 0 1 0 1.7193028587775245
1 1 0 0 0 0 0 0 1 1 1.6078792414324148
1 1 0 0 0 0 0 1 0 0 1.7096556773637892
1 1 0 0 0 0 0 1 0 1 1.5714371303398702
1 1 0 0 0 0 0 1 1 0 1.5684677585984366
1 1 0 0 0 0 0 1 1 1 1.4713380654298382
1 1 0 0 0 0 1 0 0 0 1.6251406607696126
1 1 0 0 0 0 1 0 0 1 1.4986461929267199
1 1 0 0 0 0 1 0 1 0 1.5024910745729656
1 1 0 0 0 0 1 0 1 1 1.4123797356138466
1 1 0 0 0 0 1 1 0 0 1.5119291429144053
1 1 0 0 0 0 1 1 0 1 1.4167353617346894
1 1 0 0 0 0 1 1 1 0 1.406781828977161
1 1 0 0 0 0 1 1 1 1 1.345661702027406
1 1 0 0 0 1 0 0 0 0 1.6251286641289786
1 1 0 0 0 1 0 0 0 1 1.5178229570815327
1 1 0 0 0 1 0 0 1 0 1.4994973306232648
1 1 0 0 0 1 0 0 1 1 1.4119298862327654
1 1 0 0 0 1 0 1 0 0 1.5074772663696008
1 1 0 0 0 1 0 1 0 1 1.4252206130701504
1 1 0 0 0 1 0 1 1 0 1.4073348343316037
1 1 0 0 0 1 0 1 1 1 1.3349847325782185
1 1 0 0 0 1 1 0 0 0 1.448554694515125
1 1 0 0 0 1 1 0 0 1 1.368553111496547
1 1 0 0 0 1 1 0 1 0 1.3609604773896549
1 1 0 0 0 1 1 0 1 1 1.2960460226975368
1 1 0 0 0 1 1 1 0 0 1.369611176826103
1 1 0 0 0 1 1 1 0 1 1.3227632421102784
1 1 0 0 0 1 1 1 1 0 1.2928611959919256
1 1 0 0 0 1 1 1 1 1 1.2625780454290951
1 1 0 0 1 0 0 0 0 0 1.7122040355652488
1 1 0 0 1 0 0 0 0 1 1.4946088633782046
1 1 0 0 1 0 0 0 1 0 1.5896677061940774
1 1 0 0 1 0 0 0 1 1 1.4097577483589003
1 1 0 0 1 0 0 1 0 0 1.5934509077534222
1 1 0 0 1 0 0 1 0 1 1.4045025713640884
1 1 0 0 1 0 0 1 1 0 1.4860385242936196
1 1 0 0 1 0 0 1 1 1 1.3263433416163222
1 1 0 0 1 0 1 0 0 0 1.5099703671172642
1 1 0 0 1 0 1 0 0 1 1.3843959788658038
1 1 0 0 1 0 1 0 1 0 1.4296712731327532
1 1 0 0 1 0 1 0 1 1 1.3194011819236275
1 1 0 0 1 0 1 1 0 0 1.4195740963833792
1 1 0 0 1 0 1 1 0 1 1.317620016428063
1 1 0 0 1 0 1 1 1 0 1.3408675696548522
1 1 0 0 1 0 1 1 1 1 1.2593680599570847
1 1 0 0 1 1 0 0 0 0 1.5119283344630177
1 1 0 0 1 1 0 0 0 1 1.3696108178265622
1 1 0 0 1 1 0 0 1 0 1.419574293900521
1 1 0 0 1 1 0 0 1 1 1.3212613656844079
1 1 0 0 1 1 0 1 0 0 1.4181638088454864
1 1 0 0 1 1 0 1 0 1 1.2973325655664827
1 1 0 0 1 1 0 1 1 0 1.3512845779788765
1 1 0 0 1 1 0 1 1 1 1.2489722249451578
1 1 0 0 1 1 1 0 0 0 1.3685530041029954
1 1 0 0 1 1 1 0 0 1 1.29387284005445
1 1 0 0 1 1 1 0 1 0 1.2999923184092292
1 1 0 0 1 1 1 0 1 1 1.2532090259723152
1 1 0 0 1 1 1 1 0 0 1.3212614281528665
1 1 0 0 1 1 1 1 0 1 1.2564968961661824
1 1 0 0 1 1 1 1 1 0 1.2538357157753468
1 1 0 0 1 1 1 1 1 1 1.2233348506297153
1 1 0 1 0 0 0 0 0 0 1.7165930416263055
1 1 0 1 0 0 0 0 0 1 1.57198335506698
1 1 0 1 0 0 0 0 1 0 1.5087012052451965
1 1 0 1 0 0 0 0 1 1 1.4094003752964621
1 1 0 1 0 0 0 1 0 0 1.5817267543412585
1 1 0 1 0 0 0 1 0 1 1.4770918096833279
1 1 0 1 0 0 0 1 1 0 1.4085350593620756
1 1 0 1 0 0 0 1 1 1 1.3280341842864734
1 1 0 1 0 0 1 0 0 0 1.5039385131011371
1 1 0 1 0 0 1 0 0 1 1.407157765943786
1 1 0 1 0 0 1 0 1 0 1.377383592952183
1 1 0 1 0 0 1 0 1 1 1.3065328569402357
1 1 0 1 0 0 1 1 0 0 1.4053970387337136
1 1 0 1 0 0 1 1 0 1 1.3382179042240239
1 1 0 1 0 0 1 1 1 0 1.296828778058336
1 1 0 1 0 0 1 1 1 1 1.2493462091927008
1 1 0 1 0 1 0 0 0 0 1.5096984674766336
1 1 0 1 0 1 0 0 0 1 1.422968878135651
1 1 0 1 0 1 0 0 1 0 1.3855166314729388
1 1 0 1 0 1 0 0 1 1 1.3151093628971113
1 1 0 1 0 1 0 1 0 0 1.4140076744447867
1 1 0 1 0 1 0 1 0 1 1.3632626954452676
1 1 0 1 0 1 0 1 1 0 1.3143849945549442
1 1 0 1 0 1 0 1 1 1 1.2633100906944612
1 1 0 1 0 1 1 0 0 0 1.3609602663457046
1 1 0 1 0 1 1 0 0 1 1.2999921170286874
1 1 0 1 0 1 1 0 1 0 1.2723209745975033
1 1 0 1 0 1 1 0 1 1 1.2274487873674749
1 1 0 1 0 1 1 1 0 0 1.2920143488303233
1 1 0 1 0 1 1 1 0 1 1.2626273437220283
1 1 0 1 0 1 1 1 1 0 1.2086601225531848
1 1 0 1 0 1 1 1 1 1 1.1921543156360592
1 1 0 1 1 0 0 0 0 0 1.5970620748579476
1 1 0 1 1 0 0 0 0 1 1.4160641350993115
1 1 0 1 1 0 0 0 1 0 1.4195228256779668
1 1 0 1 1 0 0 0 1 1 1.297646571744387
1 1 0 1 1 0 0 1 0 0 1.4940236109517397
1 1 0 1 1 0 0 1 0 1 1.3338272674769802
1 1 0 1 1 0 0 1 1 0 1.3367323917394833
1 1 0 1 1 0 0 1 1 1 1.2318294525959754
1 1 0 1 1 0 1 0 0 0 1.41395325157585
1 1 0 1 1 0 1 0 0 1 1.320855451265096
1 1 0 1 1 0 1 0 1 0 1.3171744241221564
1 1 0 1 1 0 1 0 1 1 1.228017322954909
1 1 0 1 1 0 1 1 0 0 1.3433110938719302
1 1 0 1 1 0 1 1 0 1 1.2711791882162409
1 1 0 1 1 0 1 1 1 0 1.2481326165259767
1 1 0 1 1 0 1 1 1 1 1.187471125146635
1 1 0 1 1 1 0 0 0 0 1.4167347112663287
1 1 0 1 1 1 0 0 0 1 1.322763194760916
1 1 0 1 1 1 0 0 1 0 1.3176202338223666
1 1 0 1 1 1 0 0 1 1 1.2564965110850896
1 1 0 1 1 1 0 1 0 0 1.3376056842613506
1 1 0 1 1 1 0 1 0 1 1.2610423117399165
1 1 0 1 1 1 0 1 1 0 1.258198158343123
1 1 0 1 1 1 0 1 1 1 1.2024478053804721
1 1 0 1 1 1 1 0 0 0 1.2960459659611083
1 1 0 1 1 1 1 0 0 1 1.2532090899454347
1 1 0 1 1 1 1 0 1 0 1.2274491497422622
1 1 0 1 1 1 1 0 1 1 1.2187924461667816
1 1 0 1 1 1 1 1 0 0 1.261671665368294
1 1 0 1 1 1 1 1 0 1 1.2384218804845308
1 1 0 1 1 1 1 1 1 0 1.1875649052051247
1 1 0 1 1 1 1 1 1 1 1.1908423484454211
1 1 1 0 0 0 0 0 0 0 1.7192380503264857
1 1 1 0 0 0 0 0 0 1 1.6078790187933165
1 1 1 0 0 0 0 0 1 0 1.580958824982191
1 1 1 0 0 0 0 0 1 1 1.5292464555221859
1 1 1 0 0 0 0 1 0 0 1.4986473077048874
1 1 1 0 0 0 0 1 0 1 1.4123802638908605
1 1 1 0 0 0 0 1 1 0 1.3907321679131126
1 1 1 0 0 0 0 1 1 1 1.3431105030123287
1 1 1 0 0 0 1 0 0 0 1.5178236192728722
1 1 1 0 0 0 1 0 0 1 1.4119298147277353
1 1 1 0 0 0 1 0 1 0 1.4114817436526854
1 1 1 0 0 0 1 0 1 1 1.3451914646138825
1 1 1 0 0 0 1 1 0 0 1.3685547244901808
1 1 1 0 0 0 1 1 0 1 1.2960469075467087
1 1 1 0 0 0 1 1 1 0 1.2885975172760724
1 1 1 0 0 0 1 1 1 1 1.238921074111931
1 1 1 0 0 1 0 0 0 0 1.4946095423404449
1 1 1 0 0 1 0 0 0 1 1.4097579600097265
1 1 1 0 0 1 0 0 1 0 1.4051912469152503
1 1 1 0 0 1 0 0 1 1 1.3471865554663958
1 1 1 0 0 1 0 1 0 0 1.3843969032761851
1 1 1 0 0 1 0 1 0 1 1.3194015850196978
1 1 1 0 0 1 0 1 1 0 1.3114157523647594
1 1 1 0 0 1 0 1 1 1 1.263329114558876
1 1 1 0 0 1 1 0 0 0 1.369611339301258
1 1 1 0 0 1 1 0 0 1 1.321261588472266
1 1 1 0 0 1 1 0 1 0 1.2920147521777057
1 1 1 0 0 1 1 0 1 1 1.2616717995641469
1 1 1 0 0 1 1 1 0 0 1.2938737042134245
1 1 1 0 0 1 1 1 0 1 1.2532093108780524
1 1 1 0 0 1 1 1 1 0 1.2221156272949603
1 1 1 0 0 1 1 1 1 1 1.201906950645647
1 1 1 0 1 0 0 0 0 0 1.571983049368329
1 1 1 0 1 0 0 0 0 1 1.4094002286231455
1 1 1 0 1 0 0 0 1 0 1.470491600610567
1 1 1 0 1 0 0 0 1 1 1.340316993990692
1 1 1 0 1 0 0 1 0 0 1.4071583767293407
1 1 1 0 1 0 0 1 0 1 1.3065333016401628
1 1 1 0 1 0 0 1 1 0 1.317790462470156
1 1 1 0 1 0 0 1 1 1 1.2407795610753412
1 1 1 0 1 0 1 0 0 0 1.422968948854084
1 1 1 0 1 0 1 0 0 1 1.3151092944018234
1 1 1 0 1 0 1 0 1 0 1.3595672591571033
1 1 1 0 1 0 1 0 1 1 1.2702645620551094
1 1 1 0 1 0 1 1 0 0 1.2999931661338509
1 1 1 0 1 0 1 1 0 1 1.227449492783564
1 1 1 0 1 0 1 1 1 0 1.2422070821572342
1 1 1 0 1 0 1 1 1 1 1.190666816444307
1 1 1 0 1 1 0 0 0 0 1.4160645098473656
1 1 1 0 1 1 0 0 0 1 1.2976463694646747
1 1 1 0 1 1 0 0 1 0 1.3411403294390125
1 1 1 0 1 1 0 0 1 1 1.2621340601800577
1 1 1 0 1 1 0 1 0 0 1.320856055166005
1 1 1 0 1 1 0 1 0 1 1.2280173602008462
1 1 1 0 1 1 0 1 1 0 1.2571997228114327
1 1 1 0 1 1 0 1 1 1 1.19064159997793
1 1 1 0 1 1 1 0 0 0 1.3227632675296142
1 1 1 0 1 1 1 0 0 1 1.2564966725456697
1 1 1 0 1 1 1 0 1 0 1.2626276423704224
1 1 1 0 1 1 1 0 1 1 1.2384218199304933
1 1 1 0 1 1 1 1 0 0 1.2532093749529802
1 1 1 0 1 1 1 1 0 1 1.2187925604060998
1 1 1 0 1 1 1 1 1 0 1.1976317221995103
1 1 1 0 1 1 1 1 1 1 1.1910452784793368
1 1 1 1 0 0 0 0 0 0 1.5733782827176848
1 1 1 1 0 0 0 0 0 1 1.4724585486089048
1 1 1 1 0 0 0 0 1 0 1.400840414771159
1 1 1 1 0 0 0 0 1 1 1.3387913911698588
1 1 1 1 0 0 0 1 0 0 1.401448216876383
1 1 1 1 0 0 0 1 0 1 1.3359313363502618
1 1 1 1 0 0 0 1 1 0 1.2881248228581195
1 1 1 1 0 0 0 1 1 1 1.2482430048022923
1 1 1 1 0 0 1 0 0 0 1.4088684632579374
1 1 1 1 0 0 1 0 0 1 1.3304143586195956
1 1 1 1 0 0 1 0 1 0 1.292349543199732
1 1 1 1 0 0 1 0 1 1 1.2407668878251876
1 1 1 1 0 0 1 1 0 0 1.282288869006649
1 1 1 1 0 0 1 1 0 1 1.2322981823554837
1 1 1 1 0 0 1 1 1 0 1.1961650773842398
1 1 1 1 0 0 1 1 1 1 1.1633326850415568
1 1 1 1 0 1 0 0 0 0 1.402408102450782
1 1 1 1 0 1 0 0 0 1 1.3328522995852734
1 1 1 1 0 1 0 0 1 0 1.3027080656736099
1 1 1 1 0 1 0 0 1 1 1.2555960137694167
1 1 1 1 0 1 0 1 0 0 1.3104462963320564
1 1 1 1 0 1 0 1 0 1 1.2611805209129963
1 1 1 1 0 1 0 1 1 0 1.2499281607558161
1 1 1 1 0 1 0 1 1 1 1.2049338462672234
1 1 1 1 0 1 1 0 0 0 1.2928610671146188
1 1 1 1 0 1 1 0 0 1 1.2538355795949498
1 1 1 1 0 1 1 0 1 0 1.2086602957340842
1 1 1 1 0 1 1 0 1 1 1.1875649975554816
1 1 1 1 0 1 1 1 0 0 1.2221153036156942
1 1 1 1 0 1 1 1 0 1 1.197631392469834
1 1 1 1 0 1 1 1 1 0 1.1460258721602385
1 1 1 1 0 1 1 1 1 1 1.1445124382503076
1 1 1 1 1 0 0 0 0 0 1.483094013085977
1 1 1 1 1 0 0 0 0 1 1.3418437494828237
1 1 1 1 1 0 0 0 1 0 1.3264218081012273
1 1 1 1 1 0 0 0 1 1 1.2404515444405944
1 1 1 1 1 0 0 1 0 0 1.3354587544625351
1 1 1 1 1 0 0 1 0 1 1.2493035648572548
1 1 1 1 1 0 0 1 1 0 1.2292121090905066
1 1 1 1 1 0 0 1 1 1 1.1696998159163112
1 1 1 1 1 0 1 0 0 0 1.3459577316300033
1 1 1 1 1 0 1 0 0 1 1.259289063609584
1 1 1 1 1 0 1 0 1 0 1.2536619061750283
1 1 1 1 1 0 1 0 1 1 1.1868931506361717
1 1 1 1 1 0 1 1 0 0 1.2377597147532486
1 1 1 1 1 0 1 1 0 1 1.189199392159031
1 1 1 1 1 0 1 1 1 0 1.1714913511248737
1 1 1 1 1 0 1 1 1 1 1.1399077127421469
1 1 1 1 1 1 0 0 0 0 1.3453588518277761
1 1 1 1 1 1 0 0 0 1 1.2566041858864274
1 1 1 1 1 1 0 0 1 0 1.2570519583842332
1 1 1 1 1 1 0 0 1 1 1.2038156322121887
1 1 1 1 1 1 0 1 0 0 1.258424961586716
1 1 1 1 1 1 0 1 0 1 1.1928649576985189
1 1 1 1 1 1 0 1 1 0 1.2102764055589232
1 1 1 1 1 1 0 1 1 1 1.146475735581504
1 1 1 1 1 1 1 0 0 0 1.262578091858572
1 1 1 1 1 1 1 0 0 1 1.223334681564563
1 1 1 1 1 1 1 0 1 0 1.1921544955924983
1 1 1 1 1 1 1 0 1 1 1.190842348874307
1 1 1 1 1 1 1 1 0 0 1.2019069907766984
1 1 1 1 1 1 1 1 0 1 1.1910454564686614
1 1 1 1 1 1 1 1 1 0 1.1445126753978292
1 1 1 1 1 1 1 1 1 1 1.1700746997991127
